#
#
#  Percent Identity  Matrix - created by Clustal2.1 
#
#

     1: WP_000031017.1_MphB_Bacteria                      100.00   48.49   48.49   48.83   50.84   50.50   50.50   38.44   36.39   36.73   32.78   36.58   36.70   36.36
     2: WP_063853881.1_MphC_Staphylococcaceae              48.49  100.00   98.33   98.66   90.64   91.64   91.30   37.07   33.67   33.33   35.02   32.43   32.77   32.77
     3: WP_063853892.1_MphC_Stenotrophomonas_maltophilia   48.49   98.33  100.00   99.67   89.97   90.97   90.64   36.39   32.99   32.65   34.34   31.76   32.09   32.09
     4: WP_000196697.1_MphC_Bacillales                     48.83   98.66   99.67  100.00   90.30   91.30   90.97   36.73   33.33   32.99   34.68   32.09   32.43   32.43
     5: WP_063854131.1_MphC_Staphylococcus_equorum         50.84   90.64   89.97   90.30  100.00   98.33   98.33   36.05   32.99   32.65   34.34   32.43   32.77   32.77
     6: WP_063854137.1_MphC_Staphylococcus_xylosus         50.50   91.64   90.97   91.30   98.33  100.00   99.00   36.39   32.99   32.65   34.34   32.09   32.43   32.43
     7: WP_063854150.1_MphC_Staphylococcus_equorum         50.50   91.30   90.64   90.97   98.33   99.00  100.00   35.71   32.99   32.65   34.34   32.09   32.43   32.43
     8: WP_014386803.1_MphG_Pseudomonadota                 38.44   37.07   36.39   36.73   36.05   36.39   35.71  100.00   62.93   63.27   37.76   37.41   37.76   37.41
     9: WP_014325835.1_MphE_Pasteurellaceae                36.39   33.67   32.99   33.33   32.99   32.99   32.99   62.93  100.00   99.66   36.39   37.76   38.10   37.76
    10: WP_000155092.1_MphE_Bacteria                       36.73   33.33   32.65   32.99   32.65   32.65   32.65   63.27   99.66  100.00   36.73   38.10   38.44   38.10
    11: WP_021263608.1_MphF_Pseudomonadota                 32.78   35.02   34.34   34.68   34.34   34.34   34.34   37.76   36.39   36.73  100.00   39.93   40.40   39.39
    12: WP_063853854.1_MphA_Escherichia_coli               36.58   32.43   31.76   32.09   32.43   32.09   32.09   37.41   37.76   38.10   39.93  100.00   98.34   97.01
    13: WP_000219391.1_MphA_Bacteria                       36.70   32.77   32.09   32.43   32.77   32.43   32.43   37.76   38.10   38.44   40.40   98.34  100.00   98.67
    14: WP_063853866.1_MphA_Shigella_flexneri              36.36   32.77   32.09   32.43   32.77   32.43   32.43   37.41   37.76   38.10   39.39   97.01   98.67  100.00