#
#
#  Percent Identity  Matrix - created by Clustal2.1 
#
#

     1: WP_063844496.1_Erm32_Streptomyces_fradiae           100.00   99.64   15.50   15.92   15.68   17.30   16.22   16.92   14.74   14.93   21.26   17.39   17.75   20.21   21.72   19.46   16.39   18.48   20.22   15.76   15.17   14.61   16.30   15.76   15.76   15.76   15.76   17.30   16.76   20.22   21.20   18.44   19.23   15.22   17.93   16.85   19.02   10.16   11.76   11.76   12.30   12.30   11.62   11.62   12.12   12.12   12.12   11.17   11.73   12.63   12.63   12.29   15.10   14.29   10.50   13.26   12.15   12.15   11.60   12.15   12.15   11.05   11.60   12.15   12.15   11.60   12.15   11.60   11.60   13.19   15.38   14.84   12.64   10.99   12.64   12.64   12.09   12.64   12.64   12.64   10.99   10.44   10.44   10.44   10.99   10.99   10.99   10.99   10.99   10.99   10.99   10.44   10.44    9.89    9.89   13.19   12.09   12.09   12.09   12.71
     2: WP_043470786.1_Erm32_Streptomyces                    99.64  100.00   15.50   15.92   15.68   17.30   16.22   16.92   14.74   14.93   21.26   17.39   17.75   20.21   21.72   19.46   16.39   18.48   20.22   15.76   15.17   14.61   16.30   15.76   15.76   15.76   15.76   17.30   16.76   20.22   21.20   18.44   19.23   15.22   17.93   16.85   19.02   10.16   11.76   11.76   12.30   12.30   11.62   11.62   12.12   12.12   12.12   11.17   11.73   12.63   12.63   12.29   15.10   14.29   10.50   13.26   12.15   12.15   11.60   12.15   12.15   11.05   11.60   12.15   12.15   11.60   12.15   11.60   11.60   13.19   15.38   14.84   12.64   10.99   12.64   12.64   12.09   12.64   12.64   12.64   10.99   10.44   10.44   10.44   10.99   10.99   10.99   10.99   10.99   10.99   10.99   10.44   10.44    9.89    9.89   13.19   12.09   12.09   12.09   12.71
     3: WP_063844794.1_ErmH_Streptomyces_thermotolerans      15.50   15.50  100.00   48.82   49.81   53.70   55.08   48.94   47.64   48.25   31.62   26.02   32.95   37.40   36.09   36.65   33.33   35.20   31.35   30.83   30.65   30.65   31.62   30.83   30.43   30.04   30.43   30.71   29.53   32.68   33.47   35.80   33.47   32.41   31.23   30.43   31.23   26.29   25.10   25.10   25.50   25.50   25.48   26.24   24.71   25.86   25.86   23.98   23.48   23.26   23.26   22.36   23.29   21.28   18.80   18.38   20.09   20.09   19.66   20.09   20.09   20.51   19.66   20.09   20.09   19.66   20.09   19.66   19.66   20.85   22.55   19.15   20.43   22.55   25.53   25.53   24.26   22.13   21.70   22.13   21.28   20.85   21.70   21.28   21.28   20.85   21.28   20.85   21.28   21.28   21.28   20.85   21.70   20.85   21.70   19.15   22.98   22.13   22.55   22.22
     4: WP_063844819.1_ErmS_Streptomyces_fradiae             15.92   15.92   48.82  100.00   61.48   63.81   62.89   46.53   45.36   46.05   28.32   27.57   29.55   33.33   34.07   34.50   34.65   36.08   30.77   27.97   29.72   29.72   29.12   28.74   29.12   28.35   28.74   32.28   31.10   32.32   32.31   35.39   30.65   30.38   30.77   30.38   30.00   22.31   23.46   23.46   23.85   23.85   23.16   22.06   19.49   19.85   19.85   22.75   21.18   19.85   19.85   23.23   20.24   18.67   18.75   18.75   19.75   20.00   19.34   20.00   19.75   20.00   19.58   20.42   20.00   19.58   20.00   19.58   19.58   18.49   19.75   18.07   19.75   21.43   20.17   20.17   20.59   20.92   20.92   20.50   19.67   19.25   20.08   19.67   19.67   19.25   19.67   19.25   19.67   20.08   19.67   19.25   19.25   18.83   19.67   19.25   21.76   20.92   21.34   21.25
     5: WP_063844868.1_ErmV_Streptomyces_viridochromogenes   15.68   15.68   49.81   61.48  100.00   73.36   74.81   43.97   45.12   45.91   24.51   27.84   29.71   33.60   36.36   38.40   34.54   36.40   35.20   30.68   30.36   30.36   33.47   33.86   33.86   33.07   33.47   33.99   32.41   35.32   35.74   38.02   35.39   36.25   32.67   32.27   33.47   22.31   23.90   23.90   24.30   24.30   22.22   22.22   19.05   19.84   19.84   18.78   21.54   20.24   20.24   22.76   22.69   18.97   16.81   17.67   17.67   17.67   17.24   17.67   17.67   17.67   17.67   18.53   18.10   17.67   18.10   17.67   17.67   17.24   18.53   16.38   17.67   21.12   20.26   20.26   18.53   19.40   18.97   18.53   19.40   18.53   19.40   18.97   18.97   18.53   18.97   18.97   19.40   19.40   18.97   18.53   18.97   18.53   19.83   16.38   19.83   18.97   19.40   18.97
     6: WP_003972831.1_ErmO_Streptomyces                     17.30   17.30   53.70   63.81   73.36  100.00   86.10   49.22   49.19   49.03   28.85   27.45   29.14   34.78   37.55   38.40   36.14   38.00   34.00   31.47   31.17   30.77   33.07   33.47   33.07   32.67   33.07   33.99   32.02   34.92   36.95   38.43   36.63   35.86   34.66   33.86   34.66   23.11   24.30   24.30   25.10   25.10   20.24   20.63   19.84   20.24   20.24   23.27   23.17   21.46   21.46   23.17   22.27   19.40   15.52   15.95   17.24   17.24   16.81   17.24   17.24   17.24   17.24   18.10   17.67   17.24   17.67   17.24   17.24   17.67   18.53   15.09   16.81   18.97   18.97   18.97   17.67   19.83   19.83   19.40   17.67   16.81   17.67   17.24   17.24   16.81   17.24   17.24   17.67   17.67   17.24   16.81   17.67   17.24   18.10   15.95   20.69   19.83   20.26   18.53
     7: WP_053138973.1_ErmO_Streptomyces_ambofaciens         16.22   16.22   55.08   62.89   74.81   86.10  100.00   46.69   48.16   48.05   26.59   27.17   29.89   36.11   37.30   38.96   34.68   36.55   32.53   31.60   30.89   30.89   32.80   33.20   33.20   32.40   32.80   32.54   31.35   33.86   37.10   38.59   37.60   35.60   32.80   32.80   34.40   24.00   24.40   24.40   24.80   24.80   21.12   20.72   19.92   20.72   20.72   22.95   24.08   22.76   22.76   22.86   22.78   20.35   16.45   17.75   18.61   18.18   18.18   18.61   18.61   18.61   18.61   19.48   19.05   18.61   19.05   18.61   18.61   18.18   19.48   16.02   18.18   20.35   21.21   21.21   19.48   19.91   19.91   19.48   18.18   17.75   18.61   18.18   18.18   17.75   18.18   17.75   18.18   18.61   18.18   17.75   18.18   17.75   18.61   17.32   20.35   19.48   19.91   19.05
     8: WP_063844815.1_ErmR_Aeromicrobium                    16.92   16.92   48.94   46.53   43.97   49.22   46.69  100.00   56.10   56.64   26.95   24.35   34.09   31.82   30.95   32.64   32.71   35.21   30.65   30.55   31.05   31.05   32.36   31.64   31.64   30.55   30.91   32.28   29.92   30.37   31.74   32.92   30.24   30.94   30.57   29.43   30.19   21.62   23.17   23.17   23.55   23.55   25.18   24.09   21.82   22.18   22.18   18.87   20.68   19.10   19.48   18.01   20.40   20.08   18.07   20.17   21.58   21.85   21.58   21.85   21.40   22.27   22.27   22.69   22.27   22.27   22.27   22.27   22.27   22.03   23.73   22.03   20.76   22.46   22.03   22.03   21.61   22.36   21.94   21.94   19.83   19.41   20.25   19.83   19.83   19.41   19.83   19.41   19.83   20.25   19.83   19.41   19.83   19.41   19.83   18.57   21.94   21.52   21.94   22.27
     9: WP_063844770.1_ErmE_Saccharopolyspora_erythraea      14.74   14.74   47.64   45.36   45.12   49.19   48.16   56.10  100.00   99.46   28.68   23.75   30.30   31.45   31.42   29.47   31.42   32.44   32.40   27.99   29.11   29.11   29.10   29.48   29.10   28.36   28.73   32.10   31.69   32.32   31.61   33.19   32.91   29.80   30.59   29.80   31.76   23.39   25.00   25.00   25.40   25.40   22.43   20.68   21.56   21.56   21.56   18.92   19.62   18.36   17.97   18.65   20.92   21.93   20.26   22.03   22.17   22.47   22.17   22.47   21.98   22.91   22.91   22.91   22.91   22.91   22.91   22.91   22.91   26.22   24.89   22.67   23.56   25.33   24.44   24.00   21.33   24.34   23.89   23.89   23.45   23.01   23.89   23.45   23.45   23.01   23.45   23.01   23.45   23.45   23.45   23.01   23.45   23.01   23.45   22.12   23.45   23.01   23.45   23.35
    10: WP_009950391.1_ErmE_Saccharopolyspora_erythraea      14.93   14.93   48.25   46.05   45.91   49.03   48.05   56.64   99.46  100.00   30.04   25.00   32.39   31.91   32.57   30.67   31.62   32.97   33.33   29.03   30.24   30.24   30.47   30.82   30.47   29.75   30.11   33.07   32.68   33.94   32.40   34.16   33.87   30.83   31.20   30.45   32.33   24.32   25.87   25.87   26.25   26.25   24.09   22.38   22.86   22.86   22.86   20.37   21.03   19.85   19.48   19.77   22.40   23.43   22.27   23.53   23.65   23.95   23.65   23.95   23.46   24.37   24.37   23.95   24.37   24.37   24.37   24.37   24.37   27.97   26.27   24.58   25.00   26.69   25.85   25.42   23.31   26.58   26.16   26.16   25.74   25.32   26.16   25.74   25.74   25.32   25.74   25.32   25.74   25.32   25.74   25.32   25.74   25.32   25.74   23.63   25.32   24.89   25.32   25.21
    11: WP_050364506.1_ErmN_Streptomyces                     21.26   21.26   31.62   28.32   24.51   28.85   26.59   26.95   28.68   30.04  100.00   55.40   30.73   34.07   28.78   31.94   30.59   31.64   30.65   28.79   29.44   29.44   31.44   29.55   30.30   30.30   29.92   33.33   33.33   35.74   31.80   33.61   30.52   29.77   30.53   30.53   30.15   16.86   17.62   17.62   17.62   17.62   20.15   19.78   17.58   17.58   17.95   20.54   18.22   19.03   19.03   20.62   18.25   17.77   17.43   17.01   18.03   17.84   17.21   17.84   17.89   17.01   16.60   17.43   17.43   17.01   17.43   16.60   17.01   19.25   20.08   19.25   18.41   18.83   19.67   19.67   17.99   19.17   19.17   19.17   17.50   17.08   17.50   17.50   17.08   17.08   17.50   17.08   17.50   17.50   17.50   17.92   17.50   17.08   17.50   16.67   19.17   18.33   18.75   19.09
    12: WP_063796790.1_ErmZ_Streptomyces_ambofaciens         17.39   17.39   26.02   27.57   27.84   27.45   27.17   24.35   23.75   25.00   55.40  100.00   28.25   29.39   27.82   34.25   30.83   32.28   33.60   29.92   30.08   30.08   30.71   30.71   31.50   31.50   31.10   34.39   33.99   35.97   33.07   35.12   32.79   31.50   30.31   29.13   27.95   18.68   17.90   17.90   17.90   17.90   20.30   19.55   16.92   16.54   16.92   20.00   18.33   19.69   19.69   20.48   19.68   17.43   16.67   17.50   18.33   18.33   17.92   18.33   18.33   17.92   17.92   18.75   18.33   17.92   18.33   17.92   17.92   15.90   19.67   17.99   17.57   16.74   17.57   17.57   17.57   16.67   16.67   16.67   16.25   15.83   16.67   16.25   16.67   15.83   16.25   15.83   16.25   16.67   16.25   16.67   16.25   15.83   16.67   15.42   18.33   17.50   17.92   18.33
    13: WP_003900446.1_Erm37_Mycobacterium                   17.75   17.75   32.95   29.55   29.71   29.14   29.89   34.09   30.30   32.39   30.73   28.25  100.00   32.20   30.90   32.95   32.18   36.00   33.52   29.38   29.38   29.38   29.38   30.51   29.94   28.81   29.38   28.65   28.09   27.27   28.81   28.98   28.98   27.12   25.42   27.68   25.99   27.84   31.25   31.25   31.25   31.25   28.49   30.73   27.93   28.49   28.49   20.47   19.88   20.11   20.11   16.86   21.14   20.00   15.88   21.18   20.00   20.00   19.41   20.00   20.00   20.00   19.41   20.00   20.00   19.41   20.00   19.41   19.41   16.47   17.06   15.29   15.29   17.06   18.82   18.82   19.41   22.35   21.76   22.35   18.24   18.24   18.24   18.24   18.24   17.65   18.24   17.65   18.24   18.24   18.24   18.24   18.82   17.65   18.24   16.47   18.24   17.65   18.24   17.06
    14: WP_055641627.1_Erm30_Streptomyces                    20.21   20.21   37.40   33.33   33.60   34.78   36.11   31.82   31.45   31.91   34.07   29.39   32.20  100.00   39.86   42.53   39.26   40.59   41.06   35.94   38.00   37.60   37.72   37.72   37.01   37.01   37.37   40.39   39.61   40.88   36.98   45.90   42.17   37.08   41.57   38.20   37.08   25.77   22.69   22.69   23.08   23.08   25.00   22.51   22.63   22.63   22.63   24.16   22.96   24.43   24.05   24.43   25.71   21.58   19.58   20.42   20.16   20.83   20.16   20.83   20.41   20.42   20.42   21.25   20.83   20.42   20.83   20.42   20.42   18.49   21.01   18.91   19.75   23.11   23.95   23.53   20.59   20.08   20.08   20.08   21.34   20.92   21.76   21.34   21.34   20.92   21.34   20.92   21.34   21.76   21.34   20.92   22.18   21.76   22.59   21.34   22.59   21.76   22.18   20.83
    15: WP_063844871.1_ErmW_Micromonospora_griseorubida      21.72   21.72   36.09   34.07   36.36   37.55   37.30   30.95   31.42   32.57   28.78   27.82   30.90   39.86  100.00   50.34   46.44   48.88   43.13   36.90   38.15   38.15   39.85   39.11   39.48   38.38   38.75   42.97   40.23   41.04   47.42   50.41   49.00   43.98   43.98   41.73   42.48   23.46   22.31   22.31   22.31   22.31   22.14   21.32   21.17   21.53   21.53   23.11   21.89   20.00   19.62   20.00   21.37   19.50   16.67   17.50   18.52   18.75   18.52   18.75   18.37   18.75   18.33   18.33   18.33   18.33   18.33   18.33   18.33   17.65   19.75   17.65   19.33   21.43   21.43   21.01   19.33   19.25   19.25   19.25   17.57   17.15   17.99   17.57   17.57   17.15   17.57   17.15   17.57   17.57   17.57   17.15   17.57   17.57   18.41   16.74   19.67   18.83   19.25   18.75
    16: WP_063844492.1_Erm31_Streptomyces_venezuelae         19.46   19.46   36.65   34.50   38.40   38.40   38.96   32.64   29.47   30.67   31.94   34.25   32.95   42.53   50.34  100.00   54.32   57.35   51.34   47.65   51.61   51.61   50.90   50.18   50.18   49.46   49.82   50.39   49.21   50.74   51.43   57.61   55.24   51.50   52.26   51.13   49.62   21.48   21.09   21.09   20.70   20.70   25.00   23.19   21.13   21.51   21.51   25.19   22.43   22.83   22.44   24.32   22.36   25.21   20.09   22.22   21.94   21.79   21.10   22.22   21.76   21.79   21.79   22.22   22.22   21.79   22.22   21.79   21.79   21.65   23.38   21.21   22.51   24.24   23.38   22.94   22.08   21.12   20.69   20.69   22.41   21.98   22.84   22.41   22.41   21.98   22.41   21.98   22.41   22.41   22.41   21.98   21.98   21.55   22.41   20.26   24.14   22.84   23.28   21.79
    17: WP_063844854.1_ErmU_Streptomyces_lincolnensis        16.39   16.39   33.33   34.65   34.54   36.14   34.68   32.71   31.42   31.62   30.59   30.83   32.18   39.26   46.44   54.32  100.00   93.88   43.14   41.41   42.28   42.28   44.14   44.53   44.14   43.75   43.75   44.84   44.05   47.45   46.15   49.79   47.56   43.36   45.31   44.92   44.53   22.53   23.32   23.32   23.32   23.32   25.98   24.41   20.87   21.65   21.65   21.95   20.24   20.97   20.97   21.05   23.83   21.03   17.60   20.17   20.94   20.60   20.09   21.03   20.94   20.60   20.60   21.03   21.03   20.60   21.03   20.60   20.60   21.74   24.35   21.30   23.48   25.22   25.65   25.22   24.78   23.38   22.94   22.94   23.38   22.51   23.81   22.94   23.38   22.94   23.38   22.94   23.38   23.38   23.38   23.38   22.51   22.08   22.94   20.35   23.81   22.94   23.38   22.75
    18: WP_063844861.1_ErmU_Streptomyces_lincolnensis        18.48   18.48   35.20   36.08   36.40   38.00   36.55   35.21   32.44   32.97   31.64   32.28   36.00   40.59   48.88   57.35   93.88  100.00   45.31   43.97   44.94   44.94   46.69   47.08   46.69   46.30   46.30   46.25   45.45   50.00   49.64   53.72   51.42   46.69   48.25   47.08   46.69   23.62   24.41   24.41   24.41   24.41   28.63   26.27   22.75   23.53   23.53   22.67   20.97   22.49   22.49   22.18   23.73   21.79   18.38   20.94   21.28   20.94   20.43   21.37   21.28   20.94   20.94   21.37   21.37   20.94   21.37   20.94   20.94   22.08   25.11   22.51   23.81   25.97   25.54   25.11   25.11   24.14   23.71   23.71   24.14   23.71   24.57   24.14   24.14   23.71   24.14   23.71   24.14   24.14   24.14   24.14   23.28   22.84   23.71   20.69   25.00   24.14   24.57   23.93
    19: WP_129546809.1_Erm56_Actinomycetes                   20.22   20.22   31.35   30.77   35.20   34.00   32.53   30.65   32.40   33.33   30.65   33.60   33.52   41.06   43.13   51.34   43.14   45.31  100.00   55.26   56.75   56.75   57.52   58.27   58.27   57.14   57.52   51.37   51.37   50.00   53.44   56.50   54.98   49.05   46.77   46.77   46.39   21.79   22.18   22.18   22.57   22.57   25.00   26.54   21.54   21.54   21.54   26.38   23.23   26.25   25.87   24.02   26.97   23.63   20.25   18.57   22.92   23.21   22.08   23.21   22.73   22.78   22.78   23.21   23.21   22.78   23.21   22.78   22.78   24.79   25.21   24.36   26.07   24.36   24.79   24.36   23.93   23.83   23.40   22.98   22.98   22.55   23.40   22.98   22.98   22.55   22.98   22.55   22.98   22.98   22.98   22.98   23.40   22.98   23.83   20.85   25.53   25.11   25.53   25.74
    20: WP_063844879.1_ErmX_Plasmid_pNG2                     15.76   15.76   30.83   27.97   30.68   31.47   31.60   30.55   27.99   29.03   28.79   29.92   29.38   35.94   36.90   47.65   41.41   43.97   55.26  100.00   95.26   94.86   84.51   88.38   89.44   89.79   90.49   46.09   45.31   47.29   46.43   52.03   52.59   46.30   48.15   45.93   47.04   18.60   19.38   19.38   19.38   19.38   23.57   22.93   23.60   23.22   23.22   22.56   23.31   25.10   24.32   23.66   25.62   20.59   19.33   20.59   21.99   21.85   21.16   22.27   21.81   21.85   22.27   22.69   22.27   21.85   22.27   22.27   21.85   22.55   21.70   20.85   21.70   20.85   20.85   20.43   22.13   22.88   22.46   22.03   22.03   21.61   22.46   22.03   22.03   21.61   22.03   21.61   22.03   22.03   22.03   22.03   21.19   20.76   21.61   19.92   25.42   24.58   25.00   23.11
    21: WP_032488331.1_ErmX_Corynebacterium_diphtheriae      15.17   15.17   30.65   29.72   30.36   31.17   30.89   31.05   29.11   30.24   29.44   30.08   29.38   38.00   38.15   51.61   42.28   44.94   56.75   95.26  100.00   99.60   81.42   84.98   85.38   85.77   86.56   45.24   44.44   50.40   49.80   51.85   52.26   48.41   50.00   48.41   49.21   18.70   19.51   19.51   19.51   19.51   24.10   23.69   22.89   22.49   22.49   24.38   23.55   25.31   24.49   23.55   24.15   20.96   19.21   20.96   23.14   22.71   22.27   23.14   23.14   22.71   23.14   23.58   23.14   22.71   23.14   23.14   22.71   22.27   21.83   20.52   21.40   20.96   20.96   20.52   22.27   22.71   22.27   21.83   21.83   21.40   22.27   21.83   21.83   21.40   21.83   21.40   21.83   21.83   21.83   21.83   20.96   20.52   21.40   20.09   25.33   24.45   24.89   24.02
    22: WP_011116967.1_ErmX_Corynebacterium_striatum         14.61   14.61   30.65   29.72   30.36   30.77   30.89   31.05   29.11   30.24   29.44   30.08   29.38   37.60   38.15   51.61   42.28   44.94   56.75   94.86   99.60  100.00   81.03   84.58   85.38   85.38   86.17   45.24   44.44   50.00   49.80   51.85   52.26   48.02   49.60   48.41   48.81   18.70   19.51   19.51   19.51   19.51   23.69   23.69   22.89   22.49   22.49   23.97   23.14   25.31   24.49   23.14   24.15   20.96   19.21   20.96   23.14   22.71   22.27   23.14   23.14   22.71   23.14   23.58   23.14   22.71   23.14   23.14   22.71   21.83   21.83   20.52   21.40   20.96   20.96   20.52   22.27   22.71   22.27   21.83   21.83   21.40   22.27   21.83   21.83   21.40   21.83   21.40   21.83   21.83   21.83   21.83   20.96   20.52   21.40   20.09   25.33   24.45   24.89   24.02
    23: WP_063844894.1_ErmX_Corynebacterium_jeikeium         16.30   16.30   31.62   29.12   33.47   33.07   32.80   32.36   29.10   30.47   31.44   30.71   29.38   37.72   39.85   50.90   44.14   46.69   57.52   84.51   81.42   81.03  100.00   93.66   93.31   92.96   93.66   49.22   48.44   50.54   50.71   54.88   54.18   48.15   50.00   48.15   49.63   20.93   20.93   20.93   21.32   21.32   26.24   25.94   25.09   24.72   24.72   23.31   24.81   26.25   25.48   25.19   26.45   21.85   19.75   20.59   21.58   21.43   20.75   21.85   21.40   21.43   21.43   22.27   21.85   21.43   21.85   21.43   21.43   22.55   22.98   22.13   22.98   22.13   21.70   21.28   22.98   23.73   23.31   22.88   22.46   22.46   22.88   22.46   22.46   22.03   22.46   22.03   22.46   22.46   22.46   22.46   21.61   21.19   22.03   20.34   26.27   25.42   25.85   23.11
    24: WP_011152925.1_ErmX_Actinomycetes                    15.76   15.76   30.83   28.74   33.86   33.47   33.20   31.64   29.48   30.82   29.55   30.71   30.51   37.72   39.11   50.18   44.53   47.08   58.27   88.38   84.98   84.58   93.66  100.00   97.18   96.83   97.54   48.05   47.27   49.82   50.00   55.69   54.58   48.15   51.11   48.52   50.00   20.54   21.71   21.71   22.09   22.09   25.10   23.68   23.97   23.60   23.60   23.31   24.81   26.25   25.48   24.43   26.45   21.43   19.33   20.17   21.58   21.43   20.75   21.85   21.40   21.43   21.43   22.27   21.85   21.43   21.85   21.43   21.43   22.98   22.13   21.28   22.55   22.13   22.13   21.70   22.98   23.31   22.88   22.46   22.46   22.03   22.88   22.46   22.46   22.03   22.46   22.03   22.46   22.46   22.46   22.46   21.61   21.19   22.03   19.92   26.27   25.42   25.85   22.69
    25: WP_063844922.1_ErmX_Bifidobacterium_thermophilum     15.76   15.76   30.43   29.12   33.86   33.07   33.20   31.64   29.10   30.47   30.30   31.50   29.94   37.01   39.48   50.18   44.14   46.69   58.27   89.44   85.38   85.38   93.31   97.18  100.00   98.24   98.94   49.61   48.83   49.10   50.00   55.69   54.18   47.04   50.00   47.78   48.89   20.54   20.93   20.93   21.32   21.32   25.10   24.44   24.72   24.34   24.34   23.31   24.81   26.64   25.87   23.66   26.86   21.85   19.75   20.59   21.58   21.43   20.75   21.85   21.40   21.43   21.85   22.27   21.85   21.43   21.85   21.85   21.43   22.98   22.98   21.28   22.55   22.13   22.13   21.70   23.40   23.31   22.88   22.46   22.03   21.61   22.46   22.03   22.03   21.61   22.03   21.61   22.03   22.03   22.03   22.03   21.61   21.19   22.03   19.92   26.27   25.42   25.85   22.69
    26: WP_063844889.1_ErmX_Corynebacterium_jeikeium         15.76   15.76   30.04   28.35   33.07   32.67   32.40   30.55   28.36   29.75   30.30   31.50   28.81   37.01   38.38   49.46   43.75   46.30   57.14   89.79   85.77   85.38   92.96   96.83   98.24  100.00   99.30   48.05   47.66   49.10   49.29   54.47   53.78   46.67   49.63   47.04   48.15   20.54   20.93   20.93   21.32   21.32   25.48   24.06   24.34   23.97   23.97   22.93   24.44   25.87   25.10   23.66   26.45   21.01   19.75   19.75   20.75   20.59   19.92   21.01   20.58   20.59   21.01   21.43   21.01   20.59   21.01   21.01   20.59   22.13   21.28   20.43   21.70   22.13   22.55   22.13   23.40   23.31   22.88   22.46   22.46   22.03   22.88   22.46   22.46   22.03   22.46   22.03   22.46   22.46   22.46   22.46   21.61   21.19   22.03   19.49   25.85   25.00   25.42   22.27
    27: WP_011117480.1_ErmX_Actinomycetes                    15.76   15.76   30.43   28.74   33.47   33.07   32.80   30.91   28.73   30.11   29.92   31.10   29.38   37.37   38.75   49.82   43.75   46.30   57.52   90.49   86.56   86.17   93.66   97.54   98.94   99.30  100.00   48.44   47.66   49.46   49.64   54.88   54.18   47.04   50.00   47.41   48.89   20.16   20.54   20.54   20.93   20.93   25.10   24.06   24.34   23.97   23.97   23.31   24.81   26.25   25.48   24.05   26.45   21.43   19.75   20.59   21.58   21.43   20.75   21.85   21.40   21.43   21.85   22.27   21.85   21.43   21.85   21.85   21.43   22.55   21.70   20.85   22.13   22.13   22.13   21.70   22.98   23.31   22.88   22.46   22.46   22.03   22.88   22.46   22.46   22.03   22.46   22.03   22.46   22.46   22.46   22.46   21.61   21.19   22.03   19.92   26.27   25.42   25.85   22.69
    28: WP_176453837.1_Erm50_Cutibacterium                   17.30   17.30   30.71   32.28   33.99   33.99   32.54   32.28   32.10   33.07   33.33   34.39   28.65   40.39   42.97   50.39   44.84   46.25   51.37   46.09   45.24   45.24   49.22   48.05   49.61   48.05   48.44  100.00   91.63   52.55   53.97   54.47   54.25   52.73   51.95   50.39   50.78   21.83   21.03   21.03   21.43   21.43   25.49   23.53   21.57   21.57   21.57   22.04   21.14   21.69   21.29   21.54   22.92   21.46   20.60   21.89   23.18   22.75   22.32   23.18   23.18   22.75   23.18   23.18   23.18   22.75   23.18   23.18   22.75   21.03   23.18   22.75   24.03   23.61   23.61   23.18   23.18   22.32   21.89   21.46   21.89   21.89   22.32   21.89   21.89   21.46   21.89   21.46   21.89   21.89   21.89   21.89   21.89   21.46   22.32   20.60   24.03   24.03   24.46   23.18
    29: WP_131386768.1_Erm51_Prescottella_equi               16.76   16.76   29.53   31.10   32.41   32.02   31.35   29.92   31.69   32.68   33.33   33.99   28.09   39.61   40.23   49.21   44.05   45.45   51.37   45.31   44.44   44.44   48.44   47.27   48.83   47.66   47.66   91.63  100.00   50.98   52.78   53.25   52.63   51.17   50.00   50.39   48.83   21.43   21.03   21.03   21.43   21.43   26.67   23.92   22.35   22.35   22.35   22.45   21.54   22.49   22.09   22.76   23.75   20.60   19.74   20.17   21.46   21.03   20.60   21.46   21.46   21.03   21.46   21.46   21.46   21.03   21.46   21.46   21.03   20.60   22.32   22.32   23.18   22.32   23.61   23.18   21.46   22.32   21.89   21.46   20.60   20.17   21.03   20.60   20.60   20.17   20.60   20.17   20.60   20.60   20.60   20.60   20.60   20.17   21.03   20.17   22.75   22.75   23.18   21.89
    30: WP_015345217.1_Erm36_Actinomycetes                   20.22   20.22   32.68   32.32   35.32   34.92   33.86   30.37   32.32   33.94   35.74   35.97   27.27   40.88   41.04   50.74   47.45   50.00   50.00   47.29   50.40   50.00   50.54   49.82   49.10   49.10   49.46   52.55   50.98  100.00   50.54   55.28   55.38   51.31   51.69   52.06   52.06   21.71   22.09   22.09   22.09   22.09   22.61   20.45   21.21   21.97   21.97   27.20   22.99   26.92   26.54   24.23   29.75   26.89   22.69   25.63   23.65   23.53   22.82   23.95   23.46   23.53   23.53   23.95   23.95   23.53   23.95   23.53   23.53   25.11   24.26   25.11   25.11   27.66   27.66   27.23   25.53   27.12   26.69   26.27   27.97   27.12   27.97   27.54   27.54   27.12   27.97   27.12   27.54   27.54   27.54   27.54   26.27   25.85   26.69   23.31   27.97   27.54   27.97   25.63
    31: WP_063844518.1_Erm38_Mycolicibacterium_smegmatis     21.20   21.20   33.47   32.31   35.74   36.95   37.10   31.74   31.61   32.40   31.80   33.07   28.81   36.98   47.42   51.43   46.15   49.64   53.44   46.43   49.80   49.80   50.71   50.00   50.00   49.29   49.64   53.97   52.78   50.54  100.00   74.80   75.70   58.27   56.02   56.39   56.39   21.57   24.31   24.31   24.31   24.31   26.15   25.10   23.86   23.86   23.86   21.67   21.59   23.44   23.05   20.85   22.59   23.40   19.15   18.72   19.33   19.57   18.49   19.57   19.17   19.15   19.15   19.57   19.57   19.15   19.57   19.15   19.15   22.41   24.57   19.83   23.28   23.28   22.84   22.41   21.55   21.89   21.46   21.03   20.60   20.17   21.03   20.60   20.60   20.17   20.60   20.17   20.60   20.60   20.60   20.60   21.03   20.60   21.46   19.74   23.61   23.18   23.61   21.28
    32: WP_038563636.1_Erm39_Mycolicibacterium_fortuitum     18.44   18.44   35.80   35.39   38.02   38.43   38.59   32.92   33.19   34.16   33.61   35.12   28.98   45.90   50.41   57.61   49.79   53.72   56.50   52.03   51.85   51.85   54.88   55.69   55.69   54.47   54.88   54.47   53.25   55.28   74.80  100.00   78.86   59.76   58.94   55.28   56.10   21.67   22.92   22.92   23.33   23.33   28.40   25.51   24.69   25.10   25.10   25.53   22.46   25.42   25.00   24.15   24.35   24.66   18.39   21.52   22.87   22.42   21.97   22.87   22.87   22.42   22.42   22.87   22.87   22.42   22.87   22.42   22.42   22.87   24.66   20.63   23.32   25.11   25.11   24.66   22.42   23.32   22.87   22.42   21.97   21.52   22.42   21.97   21.97   21.52   21.97   21.52   21.97   21.97   21.97   21.97   23.77   23.32   24.22   21.97   25.56   24.22   24.66   23.32
    33: WP_036428783.1_Erm40_Mycolicibacterium_mageritense   19.23   19.23   33.47   30.65   35.39   36.63   37.60   30.24   32.91   33.87   30.52   32.79   28.98   42.17   49.00   55.24   47.56   51.42   54.98   52.59   52.26   52.26   54.18   54.58   54.18   53.78   54.18   54.25   52.63   55.38   75.70   78.86  100.00   58.17   58.57   55.78   56.18   22.45   23.27   23.27   23.27   23.27   24.60   25.00   23.79   23.79   23.79   22.92   21.16   24.90   24.49   22.08   23.61   24.12   19.30   20.61   21.05   21.05   20.18   21.05   21.05   20.18   20.61   21.05   21.05   20.61   21.05   20.61   20.61   21.68   22.57   19.47   21.24   23.89   23.45   23.01   22.12   22.03   21.59   20.70   21.59   21.15   22.03   21.59   21.59   21.15   21.59   21.15   21.59   21.59   21.59   21.59   22.47   22.03   22.91   19.82   22.47   22.03   22.47   20.18
    34: WP_087587931.1_Erm46_Prescottella_equi               15.22   15.22   32.41   30.38   36.25   35.86   35.60   30.94   29.80   30.83   29.77   31.50   27.12   37.08   43.98   51.50   43.36   46.69   49.05   46.30   48.41   48.02   48.15   48.15   47.04   46.67   47.04   52.73   51.17   51.31   58.27   59.76   58.17  100.00   68.52   69.26   66.67   20.62   20.62   20.62   20.62   20.62   23.66   21.67   20.15   20.53   20.53   20.93   23.26   23.44   23.05   21.32   21.58   21.52   19.83   20.68   20.00   19.83   19.17   20.25   20.00   19.83   19.83   20.25   20.25   19.83   20.25   19.83   19.83   23.93   23.08   21.79   25.21   25.21   26.50   26.07   25.21   24.68   24.26   23.83   22.98   22.55   23.40   22.98   22.98   22.55   22.98   22.55   22.98   22.98   22.98   22.98   23.83   23.83   24.68   22.55   25.53   24.68   25.11   22.78
    35: WP_311033295.1_Erm55_Mycobacteroides_chelonae        17.93   17.93   31.23   30.77   32.67   34.66   32.80   30.57   30.59   31.20   30.53   30.31   25.42   41.57   43.98   52.26   45.31   48.25   46.77   48.15   50.00   49.60   50.00   51.11   50.00   49.63   50.00   51.95   50.00   51.69   56.02   58.94   58.57   68.52  100.00   80.37   76.67   20.23   21.01   21.01   21.01   21.01   21.76   19.77   19.77   20.15   20.15   21.71   22.48   21.88   21.48   22.09   22.41   22.78   19.41   21.10   21.67   21.52   20.83   21.94   21.67   21.52   21.52   22.36   21.94   21.52   21.94   21.52   21.52   22.65   21.37   21.37   24.36   24.36   23.93   23.50   23.50   23.83   23.40   22.98   22.98   22.55   23.40   22.98   22.98   22.55   22.98   22.55   22.98   22.98   22.98   22.98   23.40   22.98   23.83   20.85   23.40   22.55   22.98   22.36
    36: WP_046361760.1_Erm55_Mycobacteriaceae                16.85   16.85   30.43   30.38   32.27   33.86   32.80   29.43   29.80   30.45   30.53   29.13   27.68   38.20   41.73   51.13   44.92   47.08   46.77   45.93   48.41   48.41   48.15   48.52   47.78   47.04   47.41   50.39   50.39   52.06   56.39   55.28   55.78   69.26   80.37  100.00   82.22   21.01   20.62   20.62   20.23   20.23   21.76   20.53   21.29   21.67   21.67   21.71   21.32   19.92   19.53   19.38   22.41   23.63   21.94   22.36   22.92   22.78   22.08   23.21   22.92   22.36   22.78   23.63   23.21   22.78   23.21   22.78   22.78   23.08   23.50   21.79   25.21   24.79   24.79   24.36   23.93   24.26   23.83   23.40   21.70   21.28   22.13   21.70   21.70   21.28   21.70   21.28   21.70   21.70   21.70   21.70   21.28   20.85   21.70   22.55   25.53   24.68   25.11   24.89
    37: WP_311033296.1_Erm55_Mycobacteroides_chelonae        19.02   19.02   31.23   30.00   33.47   34.66   34.40   30.19   31.76   32.33   30.15   27.95   25.99   37.08   42.48   49.62   44.53   46.69   46.39   47.04   49.21   48.81   49.63   50.00   48.89   48.15   48.89   50.78   48.83   52.06   56.39   56.10   56.18   66.67   76.67   82.22  100.00   20.62   21.79   21.79   21.40   21.40   20.99   18.25   20.15   20.91   20.91   20.93   20.93   21.09   20.70   20.93   22.41   23.21   20.25   21.94   22.50   22.36   21.67   22.78   22.50   22.36   22.36   23.21   22.78   22.36   22.78   22.36   22.36   23.50   22.65   20.94   25.21   25.21   24.79   24.36   24.36   24.26   23.83   23.40   22.13   21.70   22.55   22.13   22.13   21.70   22.13   21.70   22.13   22.13   22.13   22.13   21.70   21.28   22.13   21.70   25.96   25.11   25.53   23.63
    38: WP_006745469.1_Erm35_Bacteroides_coprosuis           10.16   10.16   26.29   22.31   22.31   23.11   24.00   21.62   23.39   24.32   16.86   18.68   27.84   25.77   23.46   21.48   22.53   23.62   21.79   18.60   18.70   18.70   20.93   20.54   20.54   20.54   20.16   21.83   21.43   21.71   21.57   21.67   22.45   20.62   20.23   21.01   20.62  100.00   74.06   74.06   74.44   74.06   31.20   30.08   31.58   30.83   31.20   24.90   27.34   26.85   26.85   28.12   29.75   24.48   24.48   23.24   25.82   26.14   25.41   26.14   26.23   26.56   25.73   26.14   26.14   25.73   26.14   25.73   25.73   24.37   26.47   25.21   26.47   28.15   28.99   29.41   28.15   26.78   26.36   26.78   28.87   28.45   28.45   28.03   28.03   27.62   28.45   28.03   28.45   28.03   28.03   27.62   28.87   28.03   28.87   25.10   26.78   26.36   26.78   27.80
    39: WP_063844771.1_ErmF_Bacteroides_fragilis             11.76   11.76   25.10   23.46   23.90   24.30   24.40   23.17   25.00   25.87   17.62   17.90   31.25   22.69   22.31   21.09   23.32   24.41   22.18   19.38   19.51   19.51   20.93   21.71   20.93   20.93   20.54   21.03   21.03   22.09   24.31   22.92   23.27   20.62   21.01   20.62   21.79   74.06  100.00   99.25   97.37   97.74   32.71   31.95   32.71   31.95   32.33   22.57   25.78   26.46   26.46   25.00   30.99   23.65   24.07   22.82   24.18   24.90   23.77   24.48   24.59   24.90   24.07   24.48   24.48   24.07   24.48   24.07   24.07   23.53   23.53   22.27   25.21   26.47   28.15   28.15   26.47   25.94   25.52   25.94   27.20   27.62   27.62   27.20   27.20   26.78   27.62   26.36   26.78   27.20   27.20   27.20   27.20   25.94   27.20   22.59   25.52   25.10   25.52   25.31
    40: WP_063844773.1_ErmF_Bacteroides_thetaiotaomicron     11.76   11.76   25.10   23.46   23.90   24.30   24.40   23.17   25.00   25.87   17.62   17.90   31.25   22.69   22.31   21.09   23.32   24.41   22.18   19.38   19.51   19.51   20.93   21.71   20.93   20.93   20.54   21.03   21.03   22.09   24.31   22.92   23.27   20.62   21.01   20.62   21.79   74.06   99.25  100.00   97.37   97.74   32.71   31.95   32.71   31.95   32.33   22.57   25.39   26.07   26.07   24.61   30.99   23.65   24.07   22.82   24.18   24.90   23.77   24.48   24.59   24.90   24.07   24.48   24.48   24.07   24.48   24.07   24.07   23.53   23.53   22.27   25.21   26.47   28.15   28.15   26.47   25.94   25.52   25.94   27.20   27.62   27.62   27.20   27.20   26.78   27.62   26.36   26.78   27.20   27.20   27.20   27.20   25.94   27.20   22.59   25.52   25.10   25.52   25.31
    41: WP_032488512.1_ErmF_Bacteroides_fragilis             12.30   12.30   25.50   23.85   24.30   25.10   24.80   23.55   25.40   26.25   17.62   17.90   31.25   23.08   22.31   20.70   23.32   24.41   22.57   19.38   19.51   19.51   21.32   22.09   21.32   21.32   20.93   21.43   21.43   22.09   24.31   23.33   23.27   20.62   21.01   20.23   21.40   74.44   97.37   97.37  100.00   99.62   33.08   32.33   33.08   32.33   32.71   22.57   26.17   26.46   26.46   25.39   30.99   24.07   24.48   23.24   24.59   25.31   24.18   24.90   25.00   25.31   24.48   24.90   24.90   24.48   24.90   24.48   24.48   23.53   23.53   23.11   26.05   26.89   28.57   28.57   26.89   26.36   25.94   26.36   27.62   28.03   28.03   27.62   27.62   27.20   28.03   26.78   27.20   27.62   27.62   27.62   27.62   26.36   27.62   23.01   25.94   25.52   25.94   25.73
    42: WP_002682030.1_ErmF_Bacteria                         12.30   12.30   25.50   23.85   24.30   25.10   24.80   23.55   25.40   26.25   17.62   17.90   31.25   23.08   22.31   20.70   23.32   24.41   22.57   19.38   19.51   19.51   21.32   22.09   21.32   21.32   20.93   21.43   21.43   22.09   24.31   23.33   23.27   20.62   21.01   20.23   21.40   74.06   97.74   97.74   99.62  100.00   32.71   31.95   32.71   31.95   32.33   22.57   25.78   26.46   26.46   25.00   30.99   24.07   24.48   23.24   24.59   25.31   24.18   24.90   25.00   25.31   24.48   24.90   24.90   24.48   24.90   24.48   24.48   23.53   23.53   23.11   26.05   26.89   28.57   28.57   26.89   26.36   25.94   26.36   27.62   28.03   28.03   27.62   27.62   27.20   28.03   26.78   27.20   27.62   27.62   27.62   27.62   26.36   27.62   23.01   25.94   25.52   25.94   25.73
    43: WP_063844504.1_Erm34_Shouchella_clausii              11.62   11.62   25.48   23.16   22.22   20.24   21.12   25.18   22.43   24.09   20.15   20.30   28.49   25.00   22.14   25.00   25.98   28.63   25.00   23.57   24.10   23.69   26.24   25.10   25.10   25.48   25.10   25.49   26.67   22.61   26.15   28.40   24.60   23.66   21.76   21.76   20.99   31.20   32.71   32.71   33.08   32.71  100.00   61.21   56.94   56.94   56.94   24.52   24.90   22.68   22.68   24.62   31.10   24.90   25.00   24.59   25.10   25.41   24.70   25.41   25.51   25.41   25.82   25.00   25.41   25.00   25.41   25.41   25.00   25.21   25.21   26.03   24.79   28.10   27.27   27.27   27.69   27.16   26.34   26.75   25.10   25.10   24.69   25.10   24.69   24.69   25.10   24.69   25.10   24.69   25.10   25.10   27.16   26.34   26.34   24.69   23.87   23.05   23.46   25.00
    44: WP_010896559.1_ErmK_Halalkalibacterium_halodurans    11.62   11.62   26.24   22.06   22.22   20.63   20.72   24.09   20.68   22.38   19.78   19.55   30.73   22.51   21.32   23.19   24.41   26.27   26.54   22.93   23.69   23.69   25.94   23.68   24.44   24.06   24.06   23.53   23.92   20.45   25.10   25.51   25.00   21.67   19.77   20.53   18.25   30.08   31.95   31.95   32.33   31.95   61.21  100.00   66.20   65.85   65.85   25.76   21.59   23.79   23.79   22.14   31.50   26.94   23.77   25.00   25.91   26.23   25.91   26.23   26.32   26.23   26.64   25.82   26.23   25.82   26.23   26.23   25.82   26.03   25.62   27.69   26.45   26.45   28.51   28.51   28.10   26.34   25.51   25.93   25.51   25.10   24.69   25.10   25.10   24.69   25.10   24.69   25.10   24.69   25.10   25.10   26.34   25.51   25.51   23.87   25.93   25.10   25.51   25.00
    45: WP_003183781.1_ErmD_Bacillus                         12.12   12.12   24.71   19.49   19.05   19.84   19.92   21.82   21.56   22.86   17.58   16.92   27.93   22.63   21.17   21.13   20.87   22.75   21.54   23.60   22.89   22.89   25.09   23.97   24.72   24.34   24.34   21.57   22.35   21.21   23.86   24.69   23.79   20.15   19.77   21.29   20.15   31.58   32.71   32.71   33.08   32.71   56.94   66.20  100.00   96.86   97.21   26.59   22.85   24.54   24.16   25.19   33.07   27.35   24.59   24.18   25.91   26.23   25.51   26.23   26.32   26.23   27.05   25.82   26.23   25.82   26.23   26.23   25.82   26.86   26.45   26.45   25.21   26.45   27.69   27.69   26.03   27.16   26.34   26.75   26.34   26.75   26.34   26.75   26.75   26.34   26.34   26.34   26.75   26.34   26.75   26.75   26.75   25.93   25.93   26.75   25.93   25.10   25.51   27.05
    46: WP_063844769.1_ErmD_Bacillus_anthracis               12.12   12.12   25.86   19.85   19.84   20.24   20.72   22.18   21.56   22.86   17.58   16.54   28.49   22.63   21.53   21.51   21.65   23.53   21.54   23.22   22.49   22.49   24.72   23.60   24.34   23.97   23.97   21.57   22.35   21.97   23.86   25.10   23.79   20.53   20.15   21.67   20.91   30.83   31.95   31.95   32.33   31.95   56.94   65.85   96.86  100.00   99.65   27.34   22.47   24.91   24.54   25.19   33.07   27.35   25.00   24.18   25.91   26.23   25.51   26.23   26.32   26.23   27.05   25.82   26.23   25.82   26.23   26.23   25.82   26.86   26.45   26.45   25.21   26.86   28.10   28.10   26.45   26.75   25.93   26.34   26.34   26.75   26.34   26.75   26.75   26.34   26.34   26.34   26.75   26.34   26.75   26.75   26.75   25.93   25.93   26.75   25.93   25.10   25.51   27.05
